5	0	-294.25
5	2	62.55
5	4	81.0
5	6	21.05
5	8	79.2
10	0	-180.15
10	2	45.15
10	4	82.8
10	6	78.75
10	8	84.75
15	0	-280.7
15	2	75.3
15	4	82.35
15	6	77.55
15	8	82.35
20	0	-328.05
20	2	78.3
20	4	80.85
20	6	55.5
20	8	78.75
25	0	-307.1
25	2	76.05
25	4	79.65
25	6	81.45
25	8	74.55
30	0	-247.65
30	2	74.85
30	4	74.1
30	6	80.55
30	8	82.8
35	0	-220.75
35	2	77.7
35	4	50.55
35	6	64.5
35	8	64.5
40	0	-124.9
40	2	80.4
40	4	77.7
40	6	77.25
40	8	79.2
45	0	-332.9
45	2	77.25
45	4	82.8
45	6	78.3
45	8	45.4
50	0	-345.7
50	2	69.0
50	4	81.45
50	6	80.4
50	8	85.35
55	0	-184.75
55	2	78.15
55	4	79.65
55	6	75.9
55	8	61.65
60	0	-324.45
60	2	85.5
60	4	82.95
60	6	69.9
60	8	77.55
65	0	-208.7
65	2	81.6
65	4	81.45
65	6	79.2
65	8	79.35
70	0	-296.9
70	2	78.3
70	4	80.7
70	6	78.0
70	8	82.65
75	0	-296.3
75	2	79.35
75	4	51.05
75	6	82.35
75	8	80.55
80	0	-250.0
80	2	81.9
80	4	79.2
80	6	79.35
80	8	59.3
85	0	-221.8
85	2	77.1
85	4	77.4
85	6	80.4
85	8	81.0
90	0	-224.35
90	2	77.85
90	4	78.45
90	6	76.05
90	8	78.6
95	0	-277.6
95	2	79.35
95	4	47.0
95	6	67.8
95	8	83.7
