5	0	0.0367926478386
5	2	0.0300497293472
5	4	0.0341672897339
5	6	0.037438929081
5	8	0.0321955084801
10	0	0.0867719650269
10	2	0.0296448707581
10	4	0.0543992400169
10	6	0.0615238904953
10	8	0.0788169145584
15	0	0.122557282448
15	2	0.0536323428154
15	4	0.0917128801346
15	6	0.108314609528
15	8	0.0989192962646
20	0	0.207590520382
20	2	0.0560270309448
20	4	0.103841042519
20	6	0.211897110939
20	8	0.219004702568
25	0	0.124279975891
25	2	0.058914899826
25	4	0.155052125454
25	6	0.14718927145
25	8	0.192901575565
30	0	0.197885525227
30	2	0.0882482767105
30	4	0.184423470497
30	6	0.177019393444
30	8	0.231115472317
35	0	0.204772031307
35	2	0.102405178547
35	4	0.294182741642
35	6	0.246847701073
35	8	0.356511437893
40	0	0.228557372093
40	2	0.110515844822
40	4	0.234420323372
40	6	0.197594761848
40	8	0.232432198524
45	0	0.308613049984
45	2	0.10831631422
45	4	0.290883827209
45	6	0.229941177368
45	8	0.403543198109
50	0	0.316842412949
50	2	0.206006789207
50	4	0.224373960495
50	6	0.280985713005
50	8	0.448962187767
55	0	0.317431354523
55	2	0.128747653961
55	4	0.248635327816
55	6	0.323154342175
55	8	0.652909755707
60	0	0.388893938065
60	2	0.179486513138
60	4	0.315484654903
60	6	0.504594635963
60	8	0.513547849655
65	0	0.343340396881
65	2	0.188236820698
65	4	0.283551728725
65	6	0.441646516323
65	8	0.396424210072
70	0	0.55601670742
70	2	0.168492257595
70	4	0.32513436079
70	6	0.435130953789
70	8	0.502061116695
75	0	0.499191176891
75	2	0.185952043533
75	4	0.394351089001
75	6	0.423301255703
75	8	0.64966596365
80	0	0.424202156067
80	2	0.245669353008
80	4	0.304658412933
80	6	0.41810849905
80	8	0.750871312618
85	0	0.537823450565
85	2	0.184631192684
85	4	0.326455450058
85	6	0.461141049862
85	8	0.639296162128
90	0	0.686400353909
90	2	0.248690974712
90	4	0.474080145359
90	6	0.379918265343
90	8	0.756171870232
95	0	0.524334549904
95	2	0.231676363945
95	4	0.529556500912
95	6	0.751434051991
95	8	0.713686871529
