5	0	0.110102832317
5	2	0.112132740021
5	4	0.19258248806
5	6	0.314468634129
5	8	0.179438948631
10	0	0.0951350808144
10	2	0.260980284214
10	4	0.207846724987
10	6	0.331142520905
10	8	0.330518174171
15	0	0.085690510273
15	2	0.176527583599
15	4	0.303627765179
15	6	0.41117181778
15	8	0.48447278738
20	0	0.105161798
20	2	0.239294505119
20	4	0.377366554737
20	6	0.491940581799
20	8	0.493966519833
25	0	0.116231155396
25	2	0.270916283131
25	4	0.420923984051
25	6	0.580691361427
25	8	0.596382176876
30	0	0.129986333847
30	2	0.305089616776
30	4	0.484281778336
30	6	0.632518672943
30	8	0.668911576271
35	0	0.144042146206
35	2	0.368112754822
35	4	0.516246986389
35	6	0.683594548702
35	8	0.722219324112
40	0	0.15802924633
40	2	0.433082330227
40	4	0.571695041656
40	6	0.745544242859
40	8	0.80762257576
45	0	0.1720718503
45	2	0.480986380577
45	4	0.644629693031
45	6	0.816009819508
45	8	0.880560040474
50	0	0.186852741241
50	2	0.530034339428
50	4	0.708607769012
50	6	0.929197442532
50	8	1.00496777296
55	0	0.201933860779
55	2	0.604700124264
55	4	0.790744936466
55	6	0.943785738945
55	8	1.04919031858
60	0	0.216403639317
60	2	0.637487316132
60	4	0.853742444515
60	6	1.00390603542
60	8	1.17839882374
65	0	0.228806769848
65	2	0.709357464314
65	4	0.950015878677
65	6	1.1238270402
65	8	1.20254029036
70	0	0.244318664074
70	2	0.745469462872
70	4	1.01101287603
70	6	1.16578040123
70	8	1.28149368763
75	0	0.260120975971
75	2	0.822696685791
75	4	1.11736347675
75	6	1.31840794086
75	8	1.339321208
80	0	0.276715564728
80	2	0.84673910141
80	4	1.15634536743
80	6	1.43588418961
80	8	1.479906106
85	0	0.290061676502
85	2	0.890769386292
85	4	1.18748751879
85	6	1.48013767004
85	8	1.64494820833
90	0	0.307759857178
90	2	0.986687397957
90	4	1.35197569132
90	6	1.60694411993
90	8	1.70141884089
95	0	0.31933311224
95	2	1.00041444302
95	4	1.37569223642
95	6	1.64923038483
95	8	1.74998072386
