5	0	7.8
5	2	73.15
5	4	60.7
5	6	49.65
5	8	93.2
10	0	88.7
10	2	51.9
10	4	97.55
10	6	95.4
10	8	98.3
15	0	99.6
15	2	99.35
15	4	99.2
15	6	98.85
15	8	97.5
20	0	99.65
20	2	99.75
20	4	98.85
20	6	97.85
20	8	97.15
25	0	100.0
25	2	99.35
25	4	98.85
25	6	97.85
25	8	97.1
30	0	100.0
30	2	99.15
30	4	98.7
30	6	97.1
30	8	96.2
35	0	100.0
35	2	99.3
35	4	97.5
35	6	95.6
35	8	95.25
40	0	100.0
40	2	99.45
40	4	97.25
40	6	95.5
40	8	96.05
45	0	100.0
45	2	99.4
45	4	97.15
45	6	95.15
45	8	92.65
50	0	100.0
50	2	99.35
50	4	97.1
50	6	94.75
50	8	94.7
55	0	100.0
55	2	99.55
55	4	96.8
55	6	92.45
55	8	92.5
60	0	100.0
60	2	99.3
60	4	96.95
60	6	92.0
60	8	93.65
65	0	100.0
65	2	99.5
65	4	97.2
65	6	92.5
65	8	92.9
70	0	100.0
70	2	99.35
70	4	97.05
70	6	91.75
70	8	91.7
75	0	100.0
75	2	99.55
75	4	97.5
75	6	92.65
75	8	91.95
80	0	100.0
80	2	99.4
80	4	97.0
80	6	93.5
80	8	92.1
85	0	100.0
85	2	99.3
85	4	96.35
85	6	92.65
85	8	94.15
90	0	100.0
90	2	99.55
90	4	97.2
90	6	93.05
90	8	95.6
95	0	100.0
95	2	99.35
95	4	97.05
95	6	92.3
95	8	94.1
