5	0	-567.75
5	2	82.8
5	4	52.6
5	6	83.1
5	8	53.1
10	0	-559.9
10	2	69.6
10	4	79.2
10	6	75.45
10	8	76.2
15	0	-538.4
15	2	84.45
15	4	76.05
15	6	75.0
15	8	78.15
20	0	-552.2
20	2	80.25
20	4	78.15
20	6	75.0
20	8	75.0
25	0	-546.75
25	2	74.55
25	4	76.05
25	6	75.0
25	8	76.05
30	0	-556.6
30	2	83.1
30	4	77.1
30	6	77.1
30	8	75.0
35	0	-542.35
35	2	77.25
35	4	77.1
35	6	78.15
35	8	75.0
40	0	-568.25
40	2	83.55
40	4	79.2
40	6	76.05
40	8	76.05
45	0	-561.8
45	2	79.2
45	4	78.15
45	6	75.0
45	8	78.15
50	0	-556.3
50	2	80.4
50	4	77.1
50	6	77.1
50	8	79.2
55	0	-514.65
55	2	78.15
55	4	77.1
55	6	76.05
55	8	76.05
60	0	-571.1
60	2	80.85
60	4	78.15
60	6	76.05
60	8	75.0
65	0	-534.7
65	2	78.15
65	4	77.25
65	6	76.05
65	8	75.0
70	0	-564.1
70	2	80.25
70	4	76.05
70	6	76.05
70	8	76.05
75	0	-571.45
75	2	77.1
75	4	78.15
75	6	75.0
75	8	76.05
80	0	-555.65
80	2	81.3
80	4	78.15
80	6	75.0
80	8	75.0
85	0	-573.7
85	2	83.25
85	4	76.05
85	6	76.05
85	8	77.1
90	0	-553.95
90	2	84.45
90	4	78.15
90	6	77.1
90	8	75.0
95	0	-558.9
95	2	63.75
95	4	77.1
95	6	75.0
95	8	77.1
