5	0	0.0461009860039
5	2	0.0202041506767
5	4	0.0346578717232
5	6	0.0451021313667
5	8	0.0589451551437
10	0	0.0491272091866
10	2	0.0543344020844
10	4	0.042665708065
10	6	0.0677170991898
10	8	0.0560658216476
15	0	0.0488720297813
15	2	0.0638208508492
15	4	0.0529905557632
15	6	0.0627052903175
15	8	0.0868522405624
20	0	0.0809041380882
20	2	0.0740725874901
20	4	0.0765386104584
20	6	0.0830109238625
20	8	0.0954518914223
25	0	0.118292880058
25	2	0.106542301178
25	4	0.0849703907967
25	6	0.101054561138
25	8	0.125344765186
30	0	0.0996384263039
30	2	0.107088160515
30	4	0.106006371975
30	6	0.134475398064
30	8	0.138981950283
35	0	0.10652422905
35	2	0.0837963223457
35	4	0.121621322632
35	6	0.161492943764
35	8	0.163647639751
40	0	0.128377270699
40	2	0.118021988869
40	4	0.149692666531
40	6	0.164662194252
40	8	0.189427483082
45	0	0.164898097515
45	2	0.10857219696
45	4	0.161234164238
45	6	0.173732435703
45	8	0.239497578144
50	0	0.195041382313
50	2	0.129538309574
50	4	0.165942597389
50	6	0.213663101196
50	8	0.276267421246
55	0	0.166479408741
55	2	0.124905896187
55	4	0.182546818256
55	6	0.222066509724
55	8	0.260581636429
60	0	0.193068003654
60	2	0.173837208748
60	4	0.206531500816
60	6	0.241525757313
60	8	0.265232181549
65	0	0.202850902081
65	2	0.144449746609
65	4	0.226597011089
65	6	0.25953578949
65	8	0.284223365784
70	0	0.286349141598
70	2	0.168109488487
70	4	0.21719700098
70	6	0.278563892841
70	8	0.322493708134
75	0	0.243974554539
75	2	0.15680501461
75	4	0.25545116663
75	6	0.281243312359
75	8	0.339547479153
80	0	0.382572519779
80	2	0.196900653839
80	4	0.26896699667
80	6	0.296821582317
80	8	0.343199753761
85	0	0.278968238831
85	2	0.273595750332
85	4	0.257597768307
85	6	0.333754730225
85	8	0.409055149555
90	0	0.361817514896
90	2	0.241323816776
90	4	0.299503946304
90	6	0.36915756464
90	8	0.382858431339
95	0	0.329547905922
95	2	0.453855895996
95	4	0.302190577984
95	6	0.349191451073
95	8	0.454643929005
