5	0	61.2
5	2	26.4
5	4	52.9
5	6	55.15
5	8	56.7
10	0	93.1
10	2	97.95
10	4	96.9
10	6	52.9
10	8	98.9
15	0	99.1
15	2	99.55
15	4	98.25
15	6	98.75
15	8	95.8
20	0	99.9
20	2	99.45
20	4	98.35
20	6	97.85
20	8	96.5
25	0	100.0
25	2	99.5
25	4	98.2
25	6	97.6
25	8	96.0
30	0	100.0
30	2	99.5
30	4	98.55
30	6	97.5
30	8	96.7
35	0	100.0
35	2	99.25
35	4	97.7
35	6	96.45
35	8	95.45
40	0	100.0
40	2	99.4
40	4	97.0
40	6	94.7
40	8	95.6
45	0	100.0
45	2	99.25
45	4	97.2
45	6	95.15
45	8	93.85
50	0	100.0
50	2	99.25
50	4	96.7
50	6	94.0
50	8	93.85
55	0	100.0
55	2	99.15
55	4	96.7
55	6	91.65
55	8	93.8
60	0	100.0
60	2	99.2
60	4	97.3
60	6	92.3
60	8	91.9
65	0	100.0
65	2	99.4
65	4	96.35
65	6	91.8
65	8	94.4
70	0	100.0
70	2	99.15
70	4	97.25
70	6	92.6
70	8	93.35
75	0	100.0
75	2	99.5
75	4	97.5
75	6	93.3
75	8	93.15
80	0	100.0
80	2	99.3
80	4	96.85
80	6	92.3
80	8	91.6
85	0	100.0
85	2	99.35
85	4	96.65
85	6	93.1
85	8	93.95
90	0	100.0
90	2	99.2
90	4	97.45
90	6	92.45
90	8	91.8
95	0	100.0
95	2	99.3
95	4	97.15
95	6	92.2
95	8	93.6
