5	0	0.0914732813835
5	2	0.213512074947
5	4	0.274889159203
5	6	0.314239823818
5	8	0.371390354633
10	0	0.100570595264
10	2	0.151934289932
10	4	0.270986461639
10	6	0.647947025299
10	8	0.38266723156
15	0	0.104681420326
15	2	0.211286652088
15	4	0.353041923046
15	6	0.48566416502
15	8	0.625291001797
20	0	0.124133110046
20	2	0.26979612112
20	4	0.4146697402
20	6	0.583953797817
20	8	0.588947474957
25	0	0.138310778141
25	2	0.332319998741
25	4	0.461485040188
25	6	0.679754126072
25	8	0.648501932621
30	0	0.158279299736
30	2	0.394354975224
30	4	0.574140417576
30	6	0.766283106804
30	8	0.794453275204
35	0	0.173033177853
35	2	0.436093270779
35	4	0.614002335072
35	6	0.855227541924
35	8	0.846581065655
40	0	0.196454584599
40	2	0.508645379543
40	4	0.679125666618
40	6	0.859949731827
40	8	0.940075981617
45	0	0.214152765274
45	2	0.556750249863
45	4	0.771066272259
45	6	0.984552705288
45	8	1.02634350061
50	0	0.226167476177
50	2	0.617567133904
50	4	0.822108924389
50	6	1.05480706692
50	8	1.0795091033
55	0	0.250075685978
55	2	0.666663956642
55	4	0.908618915081
55	6	1.07679963112
55	8	1.2684206605
60	0	0.264635026455
60	2	0.740465140343
60	4	1.02831879854
60	6	1.20098102093
60	8	1.35156788826
65	0	0.27863754034
65	2	0.827637052536
65	4	1.05581064224
65	6	1.29149097204
65	8	1.43065993786
70	0	0.301578176022
70	2	0.850004732609
70	4	1.19668422937
70	6	1.44233378172
70	8	1.55255784988
75	0	0.316756749153
75	2	0.961542105675
75	4	1.30065062046
75	6	1.59047026634
75	8	1.70258865356
80	0	0.338521397114
80	2	0.990465509892
80	4	1.35555677414
80	6	1.61177523136
80	8	1.70335720778
85	0	0.354482233524
85	2	1.05727261305
85	4	1.4242354393
85	6	1.77661958933
85	8	1.8130179882
90	0	0.373686790466
90	2	1.08557249308
90	4	1.56972782612
90	6	1.84394544363
90	8	1.95166069269
95	0	0.394377803802
95	2	1.16321489811
95	4	1.64653306007
95	6	1.95110892057
95	8	2.07908411026
