5	0	61.85
5	1	69.25
5	2	58.3
5	3	84.45
5	4	50.3
10	0	87.25
10	1	88.5
10	2	87.25
10	3	90.4
10	4	89.7
15	0	90.65
15	1	87.75
15	2	90.0
15	3	85.65
15	4	90.05
20	0	89.25
20	1	89.25
20	2	89.25
20	3	86.2
20	4	90.25
25	0	84.0
25	1	87.75
25	2	88.5
25	3	87.15
25	4	92.7
30	0	87.0
30	1	87.75
30	2	86.25
30	3	89.6
30	4	87.05
35	0	88.5
35	1	86.25
35	2	93.0
35	3	85.0
35	4	89.95
40	0	88.5
40	1	87.75
40	2	90.75
40	3	86.95
40	4	86.2
45	0	90.0
45	1	87.75
45	2	88.5
45	3	86.3
45	4	91.3
50	0	88.5
50	1	87.0
50	2	87.65
50	3	87.9
50	4	87.6
55	0	90.0
55	1	91.5
55	2	87.0
55	3	89.5
55	4	85.65
60	0	90.0
60	1	87.75
60	2	87.65
60	3	87.9
60	4	86.85
65	0	89.25
65	1	87.75
65	2	88.5
65	3	91.3
65	4	87.8
70	0	91.5
70	1	89.25
70	2	87.0
70	3	87.7
70	4	89.4
