5	0	0.0358416080475
5	1	0.0442575454712
5	2	0.0736372828484
5	3	0.0575450897217
5	4	0.119268035889
10	0	0.0316445589066
10	1	0.0436960458755
10	2	0.0676711320877
10	3	0.0889021396637
10	4	0.0985646247864
15	0	0.0379943847656
15	1	0.0651169300079
15	2	0.0898613095284
15	3	0.111988437176
15	4	0.132846200466
20	0	0.0459275603294
20	1	0.082114636898
20	2	0.117161417007
20	3	0.134157264233
20	4	0.169162070751
25	0	0.0578822016716
25	1	0.0966641783714
25	2	0.147670555115
25	3	0.168340909481
25	4	0.205748128891
30	0	0.0656566977501
30	1	0.109926795959
30	2	0.174916899204
30	3	0.206851744652
30	4	0.2478079319
35	0	0.0746909499168
35	1	0.163901925087
35	2	0.187230455875
35	3	0.265802133083
35	4	0.312677848339
40	0	0.0822889566422
40	1	0.154804992676
40	2	0.26776137352
40	3	0.269722771645
40	4	0.369775605202
45	0	0.10117739439
45	1	0.198486292362
45	2	0.297134995461
45	3	0.348276102543
45	4	0.416131687164
50	0	0.128483343124
50	1	0.188422572613
50	2	0.310333669186
50	3	0.358388066292
50	4	0.416272139549
55	0	0.129083323479
55	1	0.196710300446
55	2	0.349403560162
55	3	0.43253736496
55	4	0.519153010845
60	0	0.124056363106
60	1	0.246167218685
60	2	0.369466280937
60	3	0.445581185818
60	4	0.55300899744
65	0	0.123704099655
65	1	0.250544703007
65	2	0.398185658455
65	3	0.483682775497
65	4	0.596203136444
70	0	0.14063308239
70	1	0.253590965271
70	2	0.43992266655
70	3	0.489224922657
70	4	0.589481115341
