5	0	53.0
5	1	35.9
5	2	66.65
5	3	-26.9
5	4	74.9
10	0	86.8
10	1	88.85
10	2	90.65
10	3	88.2
10	4	88.2
15	0	87.65
15	1	90.0
15	2	85.4
15	3	88.3
15	4	88.65
20	0	87.0
20	1	93.0
20	2	88.5
20	3	86.95
20	4	88.65
25	0	84.0
25	1	89.25
25	2	88.5
25	3	89.5
25	4	91.3
30	0	90.75
30	1	88.5
30	2	89.25
30	3	85.45
30	4	84.4
35	0	88.5
35	1	87.0
35	2	88.5
35	3	89.6
35	4	86.3
40	0	90.75
40	1	89.25
40	2	89.25
40	3	86.4
40	4	89.5
45	0	87.75
45	1	87.75
45	2	84.75
45	3	86.2
45	4	91.1
50	0	85.5
50	1	86.25
50	2	87.75
50	3	86.1
50	4	88.45
55	0	87.0
55	1	87.75
55	2	86.9
55	3	86.85
55	4	88.55
60	0	84.75
60	1	90.75
60	2	86.9
60	3	86.95
60	4	89.5
65	0	88.5
65	1	87.0
65	2	85.5
65	3	89.2
65	4	87.6
70	0	90.0
70	1	87.0
70	2	89.05
70	3	88.75
70	4	87.8
