5	0	0.0507483839989
5	1	0.0826278328896
5	2	0.0815406680107
5	3	0.195025193691
5	4	0.0904620409012
10	0	0.0402892947197
10	1	0.0547077298164
10	2	0.0696060061455
10	3	0.0962286829948
10	4	0.123597896099
15	0	0.0465836286545
15	1	0.0713598489761
15	2	0.104373145103
15	3	0.131144189835
15	4	0.159554052353
20	0	0.0571789741516
20	1	0.0936599373817
20	2	0.139290690422
20	3	0.16511169672
20	4	0.20293431282
25	0	0.0720848202705
25	1	0.113693618774
25	2	0.176079452038
25	3	0.199980270863
25	4	0.262842106819
30	0	0.0749031662941
30	1	0.141268837452
30	2	0.202285468578
30	3	0.24818059206
30	4	0.291567909718
35	0	0.0849480628967
35	1	0.187590527534
35	2	0.248700416088
35	3	0.307747983932
35	4	0.353397977352
40	0	0.102271664143
40	1	0.202813577652
40	2	0.288847470284
40	3	0.322513413429
40	4	0.420086050034
45	0	0.125426769257
45	1	0.218002688885
45	2	0.333755230904
45	3	0.368649661541
45	4	0.466566884518
50	0	0.148469018936
50	1	0.236904978752
50	2	0.384633743763
50	3	0.387474238873
50	4	0.504567992687
55	0	0.159408080578
55	1	0.255243980885
55	2	0.371834397316
55	3	0.530004370213
55	4	0.64409250021
60	0	0.175942838192
60	1	0.297558391094
60	2	0.466889798641
60	3	0.544557785988
60	4	0.640830075741
65	0	0.179135322571
65	1	0.301975142956
65	2	0.505953657627
65	3	0.565349578857
65	4	0.685813426971
70	0	0.172060000896
70	1	0.331987941265
70	2	0.481759727001
70	3	0.591555225849
70	4	0.746017706394
