time available:[(0.2327868938446045, 1600.0), (0.35950684547424316, 1900.0), (0.4821898937225342, 1900.0001)]
time available:[(0.2792699337005615, 1600.0), (0.41359710693359375, 1900.0), (0.5309419631958008, 1900.0001)]
time available:[(0.2395780086517334, 1600.0), (0.3450889587402344, 1900.0), (0.47196507453918457, 1900.0001)]
time available:[(0.24631905555725098, 1600.0), (0.3884871006011963, 1900.0), (0.5128381252288818, 1900.0001)]
time available:[(0.2748699188232422, 1600.0), (0.39585089683532715, 1900.0), (0.5132310390472412, 1900.0001)]
time available:[(0.23110198974609375, 1600.0), (0.3549211025238037, 1900.0), (0.49757909774780273, 1900.0001)]
time available:[(0.2596869468688965, 1600.0), (0.3756999969482422, 1900.0), (0.5023238658905029, 1900.0001)]
time available:[(0.2648758888244629, 1600.0), (0.3862760066986084, 1900.0), (0.5143790245056152, 1900.0001)]
time available:[(0.29553699493408203, 1600.0), (0.42337989807128906, 1900.0), (0.5652658939361572, 1900.0001)]
time available:[(0.26064395904541016, 1600.0), (0.37592291831970215, 1900.0), (0.5228779315948486, 1900.0001)]
time available:[(0.2492048740386963, 1600.0), (0.3789248466491699, 1900.0), (0.5151660442352295, 1900.0001)]
time available:[(0.24340415000915527, 1600.0), (0.3651871681213379, 1900.0), (0.5550520420074463, 1900.0001)]
time available:[(0.2698988914489746, 1600.0), (0.3913869857788086, 1900.0), (0.5300168991088867, 1900.0001)]
time available:[(0.22625184059143066, 1600.0), (0.34134697914123535, 1900.0), (0.4820518493652344, 1900.0001)]
time available:[(0.2607569694519043, 1600.0), (0.3788480758666992, 1900.0), (0.5120091438293457, 1900.0001)]
time available:[(0.2746760845184326, 1600.0), (0.39980292320251465, 1900.0), (0.5374178886413574, 1900.0001)]
