time available:[(0.36047816276550293, 1510.0), (0.501885175704956, 1525.0), (0.6365959644317627, 1550.0), (0.8021891117095947, 1600.0), (0.969041109085083, 1900.0), (1.144287109375, 1900.0001)]
time available:[(0.310168981552124, 1510.0), (0.45247912406921387, 1525.0), (0.5945191383361816, 1550.0), (0.7200660705566406, 1600.0), (0.8574750423431396, 1900.0), (0.9949741363525391, 1900.0001)]
time available:[(0.3546631336212158, 1510.0), (0.4879460334777832, 1525.0), (0.6240570545196533, 1550.0), (0.7875990867614746, 1600.0), (0.9361350536346436, 1900.0), (1.0523500442504883, 1900.0001)]
time available:[(0.3204209804534912, 1510.0), (0.4458320140838623, 1525.0), (0.5715298652648926, 1550.0), (0.7172608375549316, 1600.0), (0.8787698745727539, 1900.0), (1.0117130279541016, 1900.0001)]
time available:[(0.33761096000671387, 1510.0), (0.4568808078765869, 1525.0), (0.6031968593597412, 1550.0), (0.7541987895965576, 1600.0), (0.8891949653625488, 1900.0), (1.034106969833374, 1900.0001)]
time available:[(0.32154393196105957, 1510.0), (0.4439399242401123, 1525.0), (0.5650570392608643, 1550.0), (0.7095329761505127, 1600.0), (0.8596911430358887, 1900.0), (1.0200159549713135, 1900.0001)]
time available:[(0.31226682662963867, 1510.0), (0.4405789375305176, 1525.0), (0.5863728523254395, 1550.0), (0.7392158508300781, 1600.0), (0.8851358890533447, 1900.0), (1.0360338687896729, 1350.0), (1.1757018566131592, 1350.0001)]
time available:[(0.3170809745788574, 1510.0), (0.4357779026031494, 1525.0), (0.5727849006652832, 1550.0), (0.7217469215393066, 1600.0), (0.8874568939208984, 1900.0), (1.0263218879699707, 1900.0001)]
time available:[(0.3472728729248047, 1510.0), (0.48515892028808594, 1525.0), (0.6432628631591797, 1550.0), (0.7936758995056152, 1600.0), (0.9503300189971924, 1900.0), (1.086756944656372, 1900.0001)]
time available:[(0.38144397735595703, 1510.0), (0.5207090377807617, 1525.0), (0.6820509433746338, 1550.0), (0.8311340808868408, 1600.0), (0.979820966720581, 1900.0), (1.120940923690796, 1900.0001)]
time available:[(0.36730003356933594, 1510.0), (0.4891951084136963, 1525.0), (0.6182329654693604, 1550.0), (0.7442059516906738, 1600.0), (0.8857519626617432, 1900.0), (1.0229499340057373, 1900.0001)]
time available:[(0.343095064163208, 1510.0), (0.4641880989074707, 1525.0), (0.6215150356292725, 1550.0), (0.7523481845855713, 1600.0), (0.889721155166626, 1900.0), (1.0351450443267822, 1900.0001)]
time available:[(0.31638503074645996, 1510.0), (0.4480559825897217, 1525.0), (0.5993220806121826, 1550.0), (0.7393391132354736, 1600.0), (0.890855073928833, 1900.0), (1.0397999286651611, 1350.0), (1.1922550201416016, 1350.0001)]
time available:[(0.3569481372833252, 1510.0), (0.5038812160491943, 1525.0), (0.6881990432739258, 1550.0), (0.8255941867828369, 1600.0), (0.9893910884857178, 1900.0), (1.1643249988555908, 1900.0001)]
time available:[(0.3582148551940918, 1510.0), (0.48719000816345215, 1525.0), (0.6256840229034424, 1550.0), (0.7675578594207764, 1600.0), (0.8941988945007324, 1900.0), (1.0364470481872559, 1900.0001)]
time available:[(0.3514580726623535, 1510.0), (0.48447608947753906, 1525.0), (0.6227030754089355, 1550.0), (0.8118882179260254, 1600.0), (0.9632480144500732, 1900.0), (1.1123321056365967, 1900.0001)]
