time available:[(1.0211730003356934, 1470.0), (1.4454760551452637, 1471.4285714285713), (1.632446050643921, 1473.076923076923), (1.8689298629760742, 1475.0), (2.062382936477661, 1477.2727272727273), (2.257999897003174, 1480.0), (2.454637050628662, 1483.3333333333333), (2.6348540782928467, 1487.5), (2.8514978885650635, 1492.857142857143), (3.117887020111084, 1500.0), (3.531564950942993, 1510.0), (3.74216890335083, 1525.0), (3.9477930068969727, 1550.0), (4.189095973968506, 1600.0), (4.385499000549316, 1900.0), (4.578609943389893, 1900.0001)]
time available:[(1.0624699592590332, 1470.0), (1.4749410152435303, 1471.4285714285713), (1.6589210033416748, 1473.076923076923), (1.8379969596862793, 1475.0), (2.0267879962921143, 1477.2727272727273), (2.2049560546875, 1480.0), (2.377070903778076, 1483.3333333333333), (2.582399845123291, 1487.5), (2.798218011856079, 1492.857142857143), (3.0523509979248047, 1500.0), (3.4618489742279053, 1510.0), (3.6385889053344727, 1525.0), (3.8434150218963623, 1550.0), (4.05064582824707, 1600.0), (4.26844596862793, 1900.0), (4.48893404006958, 1900.0001)]
time available:[(1.0306880474090576, 1470.0), (1.4401228427886963, 1471.4285714285713), (1.6243538856506348, 1473.076923076923), (1.7965550422668457, 1475.0), (1.9919319152832031, 1477.2727272727273), (2.1765329837799072, 1480.0), (2.3508198261260986, 1483.3333333333333), (2.563096046447754, 1487.5), (2.760040044784546, 1492.857142857143), (3.0086159706115723, 1500.0), (3.4036600589752197, 1510.0), (3.588822841644287, 1525.0), (3.8003950119018555, 1550.0), (4.009124994277954, 1600.0), (4.23652195930481, 1600.0001)]
time available:[(1.0529379844665527, 1470.0), (1.468153953552246, 1471.4285714285713), (1.6495568752288818, 1473.076923076923), (1.8476219177246094, 1475.0), (2.0258569717407227, 1477.2727272727273), (2.2287189960479736, 1480.0), (2.4298789501190186, 1483.3333333333333), (2.6239869594573975, 1487.5), (2.8274478912353516, 1492.857142857143), (3.0762319564819336, 1500.0), (3.481268882751465, 1510.0), (3.677838087081909, 1525.0), (3.901331901550293, 1550.0), (4.112735033035278, 1600.0), (4.300724029541016, 1900.0), (4.499792098999023, 1900.0001)]
time available:[(1.0590860843658447, 1470.0), (1.4707520008087158, 1471.4285714285713), (1.64817214012146, 1473.076923076923), (1.8114771842956543, 1475.0), (2.0007622241973877, 1477.2727272727273), (2.242866039276123, 1480.0), (2.4315030574798584, 1483.3333333333333), (2.6514251232147217, 1487.5), (2.835520029067993, 1492.857142857143), (3.0724430084228516, 1500.0), (3.467233180999756, 1510.0), (3.685779094696045, 1525.0), (3.8821871280670166, 1550.0), (4.0854151248931885, 1600.0), (4.275252103805542, 1900.0), (4.491842031478882, 1900.0001)]
time available:[(1.0421910285949707, 1470.0), (1.4773011207580566, 1471.4285714285713), (1.6732709407806396, 1473.076923076923), (1.844839096069336, 1475.0), (2.0279381275177, 1477.2727272727273), (2.217405080795288, 1480.0), (2.4061920642852783, 1483.3333333333333), (2.615924119949341, 1487.5), (2.8193700313568115, 1492.857142857143), (3.067697048187256, 1500.0), (3.4545459747314453, 1510.0), (3.636286973953247, 1525.0), (3.83115816116333, 1550.0), (4.038079023361206, 1600.0), (4.262925148010254, 1900.0), (4.458560943603516, 1900.0001)]
time available:[(1.021256923675537, 1470.0), (1.4192819595336914, 1471.4285714285713), (1.6109459400177002, 1473.076923076923), (1.7899219989776611, 1475.0), (1.9869170188903809, 1477.2727272727273), (2.168872117996216, 1480.0), (2.381696939468384, 1483.3333333333333), (2.580280065536499, 1487.5), (2.7761430740356445, 1492.857142857143), (3.0428569316864014, 1500.0), (3.4426660537719727, 1510.0), (3.6360630989074707, 1525.0), (3.8398430347442627, 1550.0), (4.039225101470947, 1600.0), (4.23935604095459, 1900.0), (4.4462950229644775, 1900.0001)]
time available:[(1.0488331317901611, 1470.0), (1.4562571048736572, 1471.4285714285713), (1.6340391635894775, 1473.076923076923), (1.81764817237854, 1475.0), (2.0096042156219482, 1477.2727272727273), (2.2241780757904053, 1480.0), (2.4226231575012207, 1483.3333333333333), (2.6724801063537598, 1487.5), (2.86912202835083, 1492.857142857143), (3.1106250286102295, 1500.0), (3.5002059936523438, 1510.0), (3.7217581272125244, 1525.0), (3.9295132160186768, 1550.0), (4.125002145767212, 1600.0), (4.322235107421875, 1600.0001)]
time available:[(1.051124095916748, 1470.0), (1.4546890258789062, 1471.4285714285713), (1.6206879615783691, 1473.076923076923), (1.783440113067627, 1475.0), (1.9780550003051758, 1477.2727272727273), (2.1660799980163574, 1480.0), (2.3465371131896973, 1483.3333333333333), (2.5391011238098145, 1487.5), (2.7274911403656006, 1492.857142857143), (2.9866271018981934, 1500.0), (3.38584303855896, 1510.0), (3.577147960662842, 1525.0), (3.7859859466552734, 1550.0), (3.9964020252227783, 1600.0), (4.178980112075806, 1900.0), (4.369343042373657, 1900.0001)]
time available:[(1.039700984954834, 1470.0), (1.4586999416351318, 1471.4285714285713), (1.6450378894805908, 1473.076923076923), (1.8912508487701416, 1475.0), (2.0873730182647705, 1477.2727272727273), (2.285752058029175, 1480.0), (2.47615385055542, 1483.3333333333333), (2.674785852432251, 1487.5), (2.851685047149658, 1492.857142857143), (3.1059770584106445, 1500.0), (3.5169780254364014, 1510.0), (3.7360949516296387, 1525.0), (3.921196937561035, 1550.0), (4.113603830337524, 1600.0), (4.336995840072632, 1900.0), (4.549861907958984, 1900.0001)]
time available:[(1.0450420379638672, 1470.0), (1.4536020755767822, 1471.4285714285713), (1.6228740215301514, 1473.076923076923), (1.794023036956787, 1475.0), (1.9903209209442139, 1477.2727272727273), (2.2238221168518066, 1480.0), (2.424941062927246, 1483.3333333333333), (2.622075080871582, 1487.5), (2.8206369876861572, 1492.857142857143), (3.069504976272583, 1500.0), (3.48500394821167, 1510.0), (3.6762471199035645, 1525.0), (3.8934359550476074, 1550.0), (4.09754204750061, 1600.0), (4.308923006057739, 1900.0), (4.5483410358428955, 1900.0001)]
time available:[(1.020143985748291, 1470.0), (1.4538350105285645, 1471.4285714285713), (1.6345298290252686, 1473.076923076923), (1.8113398551940918, 1475.0), (2.014279842376709, 1477.2727272727273), (2.212651014328003, 1480.0), (2.438340902328491, 1483.3333333333333), (2.625072956085205, 1487.5), (2.833034038543701, 1492.857142857143), (3.079632043838501, 1500.0), (3.492297887802124, 1510.0), (3.691774845123291, 1525.0), (3.907601833343506, 1550.0), (4.1215128898620605, 1600.0), (4.348196029663086, 1900.0), (4.569624900817871, 1900.0001)]
time available:[(1.0265119075775146, 1470.0), (1.462934970855713, 1471.4285714285713), (1.6355688571929932, 1473.076923076923), (1.7963998317718506, 1475.0), (1.9747159481048584, 1477.2727272727273), (2.1546409130096436, 1480.0), (2.3549718856811523, 1483.3333333333333), (2.5427968502044678, 1487.5), (2.740898847579956, 1492.857142857143), (3.014866828918457, 1500.0), (3.4228599071502686, 1510.0), (3.5988810062408447, 1525.0), (3.8173530101776123, 1550.0), (4.052042007446289, 1600.0), (4.241582870483398, 1900.0), (4.469732999801636, 1900.0001)]
time available:[(1.035534143447876, 1470.0), (1.4526751041412354, 1471.4285714285713), (1.6299021244049072, 1473.076923076923), (1.8155910968780518, 1475.0), (2.018620014190674, 1477.2727272727273), (2.1974380016326904, 1480.0), (2.4127039909362793, 1483.3333333333333), (2.59325909614563, 1487.5), (2.8167710304260254, 1492.857142857143), (3.057565212249756, 1500.0), (3.4561150074005127, 1510.0), (3.65616512298584, 1525.0), (3.858363151550293, 1550.0), (4.066971063613892, 1600.0), (4.282771110534668, 1900.0), (4.489983081817627, 1900.0001)]
time available:[(1.1007838249206543, 1470.0), (1.496021032333374, 1471.4285714285713), (1.6570658683776855, 1473.076923076923), (1.8380239009857178, 1475.0), (2.032528877258301, 1477.2727272727273), (2.2148540019989014, 1480.0), (2.3995399475097656, 1483.3333333333333), (2.6157288551330566, 1487.5), (2.808708906173706, 1492.857142857143), (3.0462260246276855, 1500.0), (3.452440023422241, 1510.0), (3.630147933959961, 1525.0), (3.831284999847412, 1550.0), (4.038211822509766, 1600.0), (4.241034030914307, 1900.0), (4.455108880996704, 1900.0001)]
time available:[(1.0648958683013916, 1470.0), (1.4575490951538086, 1471.4285714285713), (1.6434788703918457, 1473.076923076923), (1.8038558959960938, 1475.0), (1.986454963684082, 1477.2727272727273), (2.172435998916626, 1480.0), (2.37597393989563, 1483.3333333333333), (2.5993049144744873, 1487.5), (2.795644998550415, 1492.857142857143), (3.054435968399048, 1500.0), (3.4560129642486572, 1510.0), (3.663969039916992, 1525.0), (3.8832449913024902, 1550.0), (4.108695983886719, 1600.0), (4.3239030838012695, 1900.0), (4.548403024673462, 1900.0001)]
