time available:[(0.30896997451782227, 1525.0), (0.4599900245666504, 1550.0), (0.5992040634155273, 1600.0), (0.7559258937835693, 1900.0), (0.879188060760498, 1900.0001)]
time available:[(0.3260171413421631, 1525.0), (0.4611830711364746, 1550.0), (0.5866332054138184, 1600.0), (0.7251050472259521, 1900.0), (0.8818371295928955, 1900.0001)]
time available:[(0.3139350414276123, 1525.0), (0.4224820137023926, 1550.0), (0.5566501617431641, 1600.0), (0.6875100135803223, 1900.0), (0.8182051181793213, 1900.0001)]
time available:[(0.25817108154296875, 1525.0), (0.4025759696960449, 1550.0), (0.5609800815582275, 1600.0), (0.6892669200897217, 1900.0), (0.8164069652557373, 1900.0001)]
time available:[(0.3039820194244385, 1525.0), (0.4272129535675049, 1550.0), (0.5762219429016113, 1600.0), (0.722182035446167, 1900.0), (0.8774700164794922, 1900.0001)]
time available:[(0.3069028854370117, 1525.0), (0.44124698638916016, 1550.0), (0.5693848133087158, 1600.0), (0.7142069339752197, 1900.0), (0.8659498691558838, 1350.0), (1.026155948638916, 1350.0001)]
time available:[(0.2915308475494385, 1525.0), (0.4388248920440674, 1550.0), (0.5902609825134277, 1600.0), (0.7296929359436035, 1900.0), (0.8834848403930664, 1900.0001)]
time available:[(0.28099703788757324, 1525.0), (0.3992490768432617, 1550.0), (0.5703370571136475, 1600.0), (0.718285083770752, 1900.0), (0.863879919052124, 1900.0001)]
time available:[(0.3104391098022461, 1525.0), (0.46656012535095215, 1550.0), (0.6077570915222168, 1600.0), (0.7631790637969971, 1900.0), (0.907818078994751, 1900.0001)]
time available:[(0.33830809593200684, 1525.0), (0.4868161678314209, 1550.0), (0.6245560646057129, 1600.0), (0.7652599811553955, 1900.0), (0.892125129699707, 1350.0), (1.0514671802520752, 1350.0001)]
time available:[(0.3162710666656494, 1525.0), (0.4615449905395508, 1550.0), (0.6163430213928223, 1600.0), (0.7791709899902344, 1900.0), (0.9199528694152832, 1900.0001)]
time available:[(0.28890490531921387, 1525.0), (0.4138610363006592, 1550.0), (0.5508289337158203, 1600.0), (0.6847751140594482, 1900.0), (0.8174450397491455, 1900.0001)]
time available:[(0.3261570930480957, 1525.0), (0.4432799816131592, 1550.0), (0.5677549839019775, 1600.0), (0.7055940628051758, 1900.0), (0.845210075378418, 1900.0001)]
time available:[(0.2747161388397217, 1525.0), (0.39748716354370117, 1550.0), (0.5275051593780518, 1600.0), (0.6792140007019043, 1900.0), (0.8361620903015137, 1900.0001)]
time available:[(0.303009033203125, 1525.0), (0.42106199264526367, 1550.0), (0.5718719959259033, 1600.0), (0.7229528427124023, 1900.0), (0.856550931930542, 1900.0001)]
time available:[(0.285228967666626, 1525.0), (0.4511709213256836, 1550.0), (0.6122570037841797, 1600.0), (0.7429909706115723, 1900.0), (0.8796141147613525, 1900.0001)]
