STRUCT, no domain knowledge: 160.832
[(2.508354902267456, 1461.111111111111), (2.9335248470306396, 1461.5384615384614), (3.6208369731903076, 1462.0), (4.03904390335083, 1462.5), (4.7841668128967285, 1463.0434782608695), (5.659282922744751, 1463.6363636363637), (6.814316034317017, 1464.2857142857142), (8.184923887252808, 1465.0), (10.147755861282349, 1465.7894736842106), (12.362332820892334, 1466.6666666666667), (14.853358030319214, 1467.6470588235295), (17.91975498199463, 1468.75), (21.915429830551147, 1470.0),
(26.40834403038025, 1471.4285714285713), (31.492718935012817, 1473.076923076923), (37.23129487037659, 1475.0), (44.202526807785034, 1477.2727272727273), (51.968777894973755, 1480.0), (60.87063002586365, 1483.3333333333333), (70.93184399604797, 1487.5), (81.99975895881653, 1492.857142857143), (94.31751298904419, 1500.0), (108.85646080970764, 1510.0), (124.44171786308289, 1525.0), (141.5106189250946, 1550.0), (160.83274102210999, 1550.0001)]


STRUCT, domain knowledge:  11.5908
[(2.5443458557128906, 1461.111111111111), (2.921172857284546, 1461.5384615384614), (3.3507320880889893, 1462.0), (3.6471920013427734, 1462.5), (3.98665189743042, 1463.0434782608695), (4.265285015106201, 1463.6363636363637), (4.560338973999023, 1464.2857142857142), (4.944370985031128, 1465.0), (5.229763031005859, 1465.7894736842106), (5.50977897644043, 1466.6666666666667), (6.042546033859253, 1467.6470588235295), (6.3374269008636475, 1468.75), (6.673130035400391, 1470.0),
(7.002671957015991, 1471.4285714285713), (7.282049894332886, 1473.076923076923), (7.808050870895386, 1475.0), (8.12251901626587, 1477.2727272727273), (8.520066022872925, 1480.0), (8.854440927505493, 1483.3333333333333), (9.15206503868103, 1487.5), (9.715275049209595, 1492.857142857143), (10.032135963439941, 1500.0), (10.399180889129639, 1510.0), (10.72848391532898, 1525.0), (11.065099000930786, 1525.0001)]  <-- imperfect reference (off by one)

[(2.5389328002929688, 1461.111111111111), (2.9283018112182617, 1461.5384615384614), (3.378173828125, 1462.0), (3.6714589595794678, 1462.5), (4.008683919906616, 1463.0434782608695), (4.316112995147705, 1463.6363636363637), (4.618668794631958, 1464.2857142857142), (5.010567903518677, 1465.0), (5.341501951217651, 1465.7894736842106), (5.5929059982299805, 1466.6666666666667), (6.109593868255615, 1467.6470588235295), (6.393422842025757, 1468.75), (6.743156909942627, 1470.0),
(7.03062891960144, 1471.4285714285713), (7.3460588455200195, 1473.076923076923), (7.874101877212524, 1475.0), (8.198576927185059, 1477.2727272727273), (8.565372943878174, 1480.0), (8.907997846603394, 1483.3333333333333), (9.194376945495605, 1487.5), (9.757009983062744, 1492.857142857143), (10.072979927062988, 1500.0), (10.424011945724487, 1510.0), (10.714438915252686, 1525.0), (11.028977870941162, 1550.0), (11.590817928314209, 1550.0001)]


CRISP:  

