time available:[(1.349794864654541, 1468.75), (1.5337409973144531, 1470.0), (1.738703966140747, 1471.4285714285713), (1.9398958683013916, 1473.076923076923), (2.133584976196289, 1475.0), (2.344681978225708, 1477.2727272727273), (2.577043056488037, 1480.0), (2.898771047592163, 1483.3333333333333), (3.0746288299560547, 1487.5), (3.2619688510894775, 1492.857142857143), (3.511654853820801, 1500.0), (3.7031240463256836, 1510.0), (3.9003708362579346, 1525.0), (4.102962970733643, 1550.0), (4.437813997268677, 1600.0), (4.643990993499756, 1900.0), (4.855424880981445, 1900.0001)]
time available:[(1.421881914138794, 1468.75), (1.5986688137054443, 1470.0), (1.7840278148651123, 1471.4285714285713), (1.983245849609375, 1473.076923076923), (2.179459810256958, 1475.0), (2.3686130046844482, 1477.2727272727273), (2.580972909927368, 1480.0), (2.919346809387207, 1483.3333333333333), (3.115722894668579, 1487.5), (3.302456855773926, 1492.857142857143), (3.4897878170013428, 1500.0), (3.6940088272094727, 1510.0), (3.89414381980896, 1525.0), (4.123994827270508, 1550.0), (4.4812328815460205, 1600.0), (4.6912829875946045, 1900.0), (4.900792837142944, 1900.0001)]
time available:[(1.4244718551635742, 1468.75), (1.605705976486206, 1470.0), (1.7950959205627441, 1471.4285714285713), (2.0220608711242676, 1473.076923076923), (2.2225468158721924, 1475.0), (2.4152109622955322, 1477.2727272727273), (2.6281869411468506, 1480.0), (2.9423768520355225, 1483.3333333333333), (3.1457958221435547, 1487.5), (3.3430399894714355, 1492.857142857143), (3.538519859313965, 1500.0), (3.7352190017700195, 1510.0), (3.965934991836548, 1525.0), (4.183267831802368, 1550.0), (4.503264904022217, 1600.0), (4.7119410037994385, 1900.0), (4.931299924850464, 1900.0001)]
time available:[(1.4224579334259033, 1468.75), (1.6245269775390625, 1470.0), (1.810736894607544, 1471.4285714285713), (2.001404047012329, 1473.076923076923), (2.1859400272369385, 1475.0), (2.3601620197296143, 1477.2727272727273), (2.561177968978882, 1480.0), (2.8598570823669434, 1483.3333333333333), (3.084963083267212, 1487.5), (3.2674050331115723, 1492.857142857143), (3.4663760662078857, 1500.0), (3.6736810207366943, 1510.0), (3.8892009258270264, 1525.0), (4.0805840492248535, 1550.0), (4.407778024673462, 1600.0), (4.618920087814331, 1900.0), (4.8334290981292725, 1900.0001)]
time available:[(1.4312620162963867, 1468.75), (1.5961670875549316, 1470.0), (1.7783100605010986, 1471.4285714285713), (1.990807056427002, 1473.076923076923), (2.170552968978882, 1475.0), (2.346587896347046, 1477.2727272727273), (2.541188955307007, 1480.0), (2.864654064178467, 1483.3333333333333), (3.076746940612793, 1487.5), (3.3153579235076904, 1492.857142857143), (3.5471720695495605, 1500.0), (3.7380850315093994, 1510.0), (3.9284958839416504, 1525.0), (4.139349937438965, 1550.0), (4.488080024719238, 1600.0), (4.687550067901611, 1900.0), (4.939303874969482, 1900.0001)]
time available:[(1.4090800285339355, 1468.75), (1.6010890007019043, 1470.0), (1.8032729625701904, 1471.4285714285713), (1.9872560501098633, 1473.076923076923), (2.2033019065856934, 1475.0), (2.376469850540161, 1477.2727272727273), (2.562131881713867, 1480.0), (2.87915301322937, 1483.3333333333333), (3.0896639823913574, 1487.5), (3.2877719402313232, 1492.857142857143), (3.5074830055236816, 1500.0), (3.7394750118255615, 1510.0), (3.9327280521392822, 1525.0), (4.123342037200928, 1550.0), (4.483883857727051, 1600.0), (4.731788873672485, 1900.0), (4.944901943206787, 1900.0001)]
time available:[(1.4239521026611328, 1468.75), (1.59483003616333, 1470.0), (1.787696123123169, 1471.4285714285713), (2.0013301372528076, 1473.076923076923), (2.188075065612793, 1475.0), (2.3758890628814697, 1477.2727272727273), (2.5848731994628906, 1480.0), (2.9208221435546875, 1483.3333333333333), (3.115220069885254, 1487.5), (3.3189640045166016, 1492.857142857143), (3.515493154525757, 1500.0), (3.710444211959839, 1510.0), (3.9286231994628906, 1525.0), (4.137993097305298, 1550.0), (4.477701187133789, 1600.0), (4.670515060424805, 1600.0001)]
time available:[(1.4059100151062012, 1468.75), (1.5870251655578613, 1470.0), (1.7685770988464355, 1471.4285714285713), (1.9938361644744873, 1473.076923076923), (2.1859841346740723, 1475.0), (2.373263120651245, 1477.2727272727273), (2.578010082244873, 1480.0), (2.9068660736083984, 1483.3333333333333), (3.0915210247039795, 1487.5), (3.2833621501922607, 1492.857142857143), (3.4699361324310303, 1500.0), (3.6758360862731934, 1510.0), (3.8989851474761963, 1525.0), (4.1140429973602295, 1550.0), (4.454061031341553, 1600.0), (4.652078151702881, 1900.0), (4.843325138092041, 1900.0001)]
time available:[(1.3734188079833984, 1468.75), (1.5414319038391113, 1470.0), (1.7379720211029053, 1471.4285714285713), (1.9208447933197021, 1473.076923076923), (2.114466905593872, 1475.0), (2.2992019653320312, 1477.2727272727273), (2.4905738830566406, 1480.0), (2.8147459030151367, 1483.3333333333333), (3.0112409591674805, 1487.5), (3.2225589752197266, 1492.857142857143), (3.424086809158325, 1500.0), (3.642965793609619, 1510.0), (3.874246835708618, 1525.0), (4.090327024459839, 1550.0), (4.433984994888306, 1600.0), (4.632059812545776, 1900.0), (4.856789827346802, 1900.0001)]
time available:[(1.3595678806304932, 1468.75), (1.55079984664917, 1470.0), (1.726505994796753, 1471.4285714285713), (1.9159748554229736, 1473.076923076923), (2.105715036392212, 1475.0), (2.314891815185547, 1477.2727272727273), (2.509244918823242, 1480.0), (2.823424816131592, 1483.3333333333333), (3.013490915298462, 1487.5), (3.229024887084961, 1492.857142857143), (3.452030897140503, 1500.0), (3.6537249088287354, 1510.0), (3.8698489665985107, 1525.0), (4.071277856826782, 1550.0), (4.422902822494507, 1600.0), (4.619954824447632, 1900.0), (4.861377000808716, 1900.0001)]
time available:[(1.3290989398956299, 1468.75), (1.5019090175628662, 1470.0), (1.6862168312072754, 1471.4285714285713), (1.900169849395752, 1473.076923076923), (2.128690004348755, 1475.0), (2.318246841430664, 1477.2727272727273), (2.55351185798645, 1480.0), (2.8453948497772217, 1483.3333333333333), (3.0346128940582275, 1487.5), (3.242698907852173, 1492.857142857143), (3.435419797897339, 1500.0), (3.636784791946411, 1510.0), (3.8395259380340576, 1525.0), (4.0805418491363525, 1550.0), (4.422310829162598, 1600.0), (4.633116006851196, 1600.0001)]
time available:[(1.3456501960754395, 1468.75), (1.5734779834747314, 1470.0), (1.7577831745147705, 1471.4285714285713), (1.9514482021331787, 1473.076923076923), (2.1355350017547607, 1475.0), (2.3094401359558105, 1477.2727272727273), (2.527006149291992, 1480.0), (2.85593318939209, 1483.3333333333333), (3.0514261722564697, 1487.5), (3.247941017150879, 1492.857142857143), (3.47780704498291, 1500.0), (3.6874120235443115, 1510.0), (3.9215331077575684, 1525.0), (4.144155025482178, 1550.0), (4.484016180038452, 1600.0), (4.70451807975769, 1900.0), (4.93487811088562, 1900.0001)]
time available:[(1.4142439365386963, 1468.75), (1.601362943649292, 1470.0), (1.777466058731079, 1471.4285714285713), (1.9781079292297363, 1473.076923076923), (2.187506914138794, 1475.0), (2.3785929679870605, 1477.2727272727273), (2.6045658588409424, 1480.0), (2.923403024673462, 1483.3333333333333), (3.127168893814087, 1487.5), (3.3317818641662598, 1492.857142857143), (3.566009998321533, 1500.0), (3.772249937057495, 1510.0), (4.000165939331055, 1525.0), (4.195470094680786, 1550.0), (4.544300079345703, 1600.0), (4.772202968597412, 1900.0), (5.005641937255859, 1900.0001)]
time available:[(1.3410990238189697, 1468.75), (1.5258979797363281, 1470.0), (1.7140650749206543, 1471.4285714285713), (1.9023680686950684, 1473.076923076923), (2.1022541522979736, 1475.0), (2.3032820224761963, 1477.2727272727273), (2.5235722064971924, 1480.0), (2.847745180130005, 1483.3333333333333), (3.061954975128174, 1487.5), (3.27013897895813, 1492.857142857143), (3.463808059692383, 1500.0), (3.666511058807373, 1510.0), (3.8572452068328857, 1525.0), (4.087067127227783, 1550.0), (4.4317121505737305, 1600.0), (4.680832147598267, 1900.0), (4.900577068328857, 1900.0001)]
time available:[(1.4260308742523193, 1468.75), (1.6295299530029297, 1470.0), (1.8166999816894531, 1471.4285714285713), (2.0284359455108643, 1473.076923076923), (2.213247060775757, 1475.0), (2.4101638793945312, 1477.2727272727273), (2.608367919921875, 1480.0), (2.937825918197632, 1483.3333333333333), (3.1301510334014893, 1487.5), (3.3379249572753906, 1492.857142857143), (3.549862861633301, 1500.0), (3.748828887939453, 1510.0), (3.965404987335205, 1525.0), (4.196166038513184, 1550.0), (4.53316593170166, 1600.0), (4.735014915466309, 1600.0001)]
time available:[(1.4164929389953613, 1468.75), (1.5897839069366455, 1470.0), (1.7819850444793701, 1471.4285714285713), (1.9600698947906494, 1473.076923076923), (2.1472699642181396, 1475.0), (2.3373219966888428, 1477.2727272727273), (2.511596918106079, 1480.0), (2.8509669303894043, 1483.3333333333333), (3.038547992706299, 1487.5), (3.2602720260620117, 1492.857142857143), (3.4681620597839355, 1500.0), (3.7141671180725098, 1510.0), (3.8956139087677, 1525.0), (4.109102010726929, 1550.0), (4.441159009933472, 1600.0), (4.65854811668396, 1900.0), (4.8881471157073975, 1350.0), (5.130223035812378, 1350.0001)]
